474
9.68
2.45
11.99
4.20
1.45
6.79
8.22
3.33
15.55
0.45
12.42
9.68
2.45
11.99
4.20
1.45
6.79
8.22
3.33
15.55
0.45
9.68
2.45
11.99
4.20
1.45
6.79
8.22
3.33
15.55
0.45
9.68
2.45
11.99
4.20
1.45
6.79
8.22
3.33
15.55
0.45
9.68
2.45
11.99
4.20
1.45
6.79
8.22
3.33
15.55
0.45
9.68
2.45
11.99
4.20
1.45
6.79
8.22
3.33
15.55
0.45
9.68
2.45
11.99
4.20
1.45
6.79
8.22
3.33
15.55
0.45
3.33
15.55
0.45
9.68
2.45
11.99
4.20
1.45
6.79
8.22
3.33
15.55
0.45
3.33
15.55
0.45
9.68
2.45
11.99
4.20
1.45
6.79
8.22
3.33
15.55
0.45
3.33
15.55
0.45
9.68
2.45
11.99
4.20
1.45
6.79
8.22
3.33
15.55
0.45
3.33
15.55
0.45
9.68
2.45
11.99
4.20
1.45
6.79
8.22
3.33
15.55
0.45
3.33
15.55
0.45
9.68
2.45
11.99
4.20
1.45
6.79
8.22
3.33
15.55
0.45
3.33
15.55
0.45
9.68
2.45
11.99
4.20
1.45
6.79
8.22
3.33
15.55
0.45
3.33
15.55
0.45
9.68
2.45
11.99
4.20
1.45
6.79
8.22
3.33
15.55
0.45
3.33
15.55
0.45
9.68
2.45
11.99
4.20
1.45
6.79
8.22
3.33
15.55
0.45
3.33
15.55
0.45
9.68
2.45
11.99
4.20
1.45
6.79
8.22
3.33
15.55
0.45
3.33
15.55
0.45
9.68
2.45
11.99
4.20
1.45
6.79
8.22
3.33
15.55
0.45
3.33
15.55
0.45
9.68
2.45
11.99
4.20
1.45
6.79
8.22
3.33
15.55
0.45
3.33
15.55
0.45
9.68
2.45
11.99
4.20
1.45
6.79
8.22
3.33
15.55
0.45
3.33
15.55
0.45
9.68
2.45
11.99
4.20
1.45
6.79
8.22
3.33
15.55
0.45
3.33
15.55
0.45
9.68
2.45
11.99
4.20
1.45
6.79
8.22
3.33
15.55
0.45
3.33
15.55
0.45
9.68
2.45
11.99
4.20
1.45
6.79
8.22
3.33
15.55
0.45
3.33
15.55
0.45
9.68
2.45
11.99
4.20
1.45
6.79
8.22
3.33
15.55
0.45
3.33
15.55
0.45
9.68
2.45
11.99
4.20
1.45
6.79
8.22
3.33
15.55
0.45
3.33
15.55
0.45
9.68
2.45
11.99
4.20
1.45
6.79
8.22
3.33
15.55
0.45
3.33
15.55
0.45
9.68
2.45
11.99
4.20
1.45
6.79
8.22
3.33
15.55
0.45
3.33
15.55
0.45
9.68
2.45
11.99
4.20
1.45
6.79
8.22
3.33
15.55
0.45
3.33
15.55
0.45
9.68
2.45
11.99
4.20
1.45
6.79
8.22
3.33
15.55
0.45
3.33
15.55
0.45
9.68
2.45
11.99
4.20
1.45
6.79
8.22
3.33
15.55
0.45
3.33
15.55
0.45
9.68
2.45
11.99
4.20
1.45
6.79
8.22
3.33
15.55
0.45
3.33
15.55
0.45
9.68
2.45
11.99
4.20
1.45
6.79
8.22
3.33
15.55
0.45
3.33
15.55
0.45
9.68
2.45
11.99
4.20
1.45
6.79
8.22
3.33
15.55
0.45
3.33
15.55
0.45
9.68
2.45
11.99
4.20
1.45
6.79
8.22
3.33
15.55
0.45
3.33
15.55
0.45
9.68
2.45
11.99
4.20
1.45
6.79
8.22
3.33
15.55
0.45
3.33
15.55
0.45
9.68
2.45
11.99
4.20
1.45
6.79
8.22
3.33
15.55
0.45
3.33
15.55
0.45
9.68
2.45
11.99
4.20
1.45
6.79
8.22
3.33
15.55
0.45
3.33
15.55
0.45
9.68
2.45
11.99
4.20
1.45
6.79
8.22
3.33
15.55
0.45
3.33
15.55
0.45
9.68
2.45
11.99
4.20
1.45
6.79
8.22
3.33
15.55
0.45
